3 15
X 0 8
0 0 8
X 1 7
0 2 6
X 3 5
0 4 4
X 5 3
0 6 2
X 7 1
0 8 0
X 3 2
0 0 1
X 0 2
0 0 3
X 0 1

2 17
X 0 0
0 1 1
X 2 2
0 3 3
X 1 0
0 1 2
X 1 3
0 2 0
X 2 1
0 2 3
X 3 0
0 3 1
X 3 2
0 0 1
X 0 2
0 0 3
x 1 2

3 13
X 0 0
0 1 1
X 2 2
0 3 3
X 4 4
0 5 5
X 6 6
0 7 7
X 8 8
0 1 2
X 3 6
0 8 1
X 2 5

3 9
0 0 0
X 1 2
0 1 2
X 3 5
0 3 5
X 2 2
0 2 2
X 9 9
0 -1 11

3 12
X 0 0
0 1 2
X 1 1
0 2 2
X 3 3
0 4 4
X 5 5
0 6 6
X 7 7
0 8 8
X 4 3
0 1 1

5 50
X 0 0
0 1 0
X 0 0
0 3 0
X 0 0
0 5 0
X 0 0
0 7 0
X 0 0
0 9 0
X 0 0
0 11 0
X 0 0
0 13 0
X 0 0
0 15 0
X 0 0
0 17 0
X 0 0
0 19 0
X 0 0
0 21 0
X 0 0
0 23 0
X 0 0
0 0 1
X 0 0
0 0 3
X 0 0
0 0 5
X 0 0
0 0 7
X 0 0
0 0 9
X 0 0
0 0 11
X 0 0
0 0 13
X 0 0
0 0 15
X 0 0
0 0 17
X 0 0
0 0 19
X 0 0
0 0 21
X 0 0
0 0 23
X 0 0
0 0 0

3 10
0 0 0
X 0 2
0 0 0
X 1 1
0 0 1
X 2 0
0 1 0
X 1 2
0 2 2
X 2 1

3 8
X 0 0
0 0 3
X 0 1
0 0 4
X 0 2
0 0 5
0 0 0
X 0 0

2 17
X 0 0
0 0 1
X 0 2
0 0 3
X 1 0
0 1 1
X 1 2
0 1 3
X 2 0
0 2 1
X 2 2
0 2 3
X 3 0
0 3 1
X 3 2
0 3 3
X 0 0


